430
21967
-1388
22088
22103
15958
28368
-425
7902
6908
12721
3972
13115
25205
201
11848
609
-983
28489
2102
24603
23113
21388
3863
25682
3637
10461
23142
964
15195
23859
23971
895
14670
27613
25438
12193
317
252
18712
-1280
19962
25867
20234
11191
28142
26455
-1926
25790
29201
3115
17167
1822
14122
894
-1004
26990
28347
1917
15737
26719
14547
11258
12821
3838
7835
15944
1703
19399
29574
13690
6357
17315
20456
17595
26158
25269
29901
16250
-787
16190
6422
6114
14074
19741
29482
7793
7074
11646
26119
22762
3647
16656
24251
29758
9067
11456
9319
965
9241
7262
15320
23481
6333
23427
12439
26532
4584
19595
-1285
11611
-453
3922
4917
15005
14445
4759
14269
18954
12748
16072
19111
508
6271
15735
19324
20385
26367
2537
23040
19982
3212
25830
4438
12425
18219
14922
24839
12120
1910
6003
158
16913
29255
12
8530
18597
1899
29680
21578
13299
23472
21817
13444
7540
10766
23209
16256
27142
6331
27667
1807
29128
13325
23539
20116
19246
6519
12239
23610
22194
20936
26901
8691
3499
3996
27383
10120
8085
12578
13012
28247
22869
9525
13693
17396
22864
19147
17202
23667
10279
24577
11024
16320
-580
16910
26213
17914
23820
29553
14162
7963
1049
-581
29423
29476
3523
29230
21738
6052
18983
10247
21829
20925
27683
1736
9370
12461
-146
18484
17528
-1315
18456
17407
8275
6194
319
11378
12932
2960
23198
24647
24444
6412
-1124
5742
5502
23114
-462
13503
11991
22658
16788
27168
14747
-1850
20737
25010
21792
3302
-107
10510
5519
6959
20663
1143
7765
18480
14588
11883
25994
5883
5741
6100
24581
25825
28514
8684
16934
21659
13911
12288
8931
19855
-1873
5489
13406
23698
23401
718
7335
16028
-1217
10154
26897
6558
18086
18792
8173
12377
8874
18829
24053
21926
26827
22648
2738
15984
20716
21562
20014
20955
15690
15431
23029
11180
5717
19377
2498
20667
3772
17618
27704
3304
14181
27247
-819
23199
4522
19415
11568
28340
6551
11183
13704
11559
-464
8329
20066
19590
25000
26928
1398
17972
6836
29401
11677
19527
25091
-1720
5382
19315
8649
6619
20358
28572
11160
24559
2534
12991
21767
2990
5388
28639
26944
3898
7163
24783
13266
5961
24449
2743
5757
17025
13737
-92
290
-556
5862
3683
10461
28656
11603
12105
-1176
19141
-1200
28453
21390
22117
2332
25468
12326
14844
18401
4561
23049
26319
28873
24891
24240
10245
14431
18093
25308
2744
22249
4192
21042
2280
1436
22906
13568
10078
17448
21551
19034
28654
9520
29044
6393
11513
19003
2353
4699
11274
23324
22387
-842
15228
20230
24983
19497
11021
5727
16750
1071
25457
8173
15035
26677
26506
25690
3976
1804
5063
26425
-1863
6136
15674
16161
23201
22353
23283
27308
-1643
1986
10638
7530
23602
12529
-491
5431
26685
17873
248
2572
26944
4321
4329
15656
8232
13617
7137
14900
24597
6517
19779
19158
28032
26551
28115
14053
227
4481
17013
12567
4783
2040
5157
9290
2674
12201
7918
7637
501
22226
14229
26170
12356
21987
19610
22161
16185
27718
27151
15189
443
17294
27755
21367
24324
23331
8593
21754
15406
-571
24376
28942
23372
3475
5675
15821
22229
1303
13150
21856
24601
3801
27888
28292
8210
6448
-187
2492
24661
20006
28101
14201
281
3558
15099
18900
-1145
3772
24581
3038
28431
6422
21875
29651
22633
17507
25003
18803
3155
27005
-1746
24487
28458
17552
19302
25073
13856
14028
25012
-268
5897
3994
7958
25930
-282
23654
10794
12920
305
18543
22424
20519
2939
274
28348
8350
15554
18198
4444
27512
25069
23618
10461
29170
27277
9381
23768
25111
23704
3838
28906
9982
17295
12200
2853
3771
9320
4768
4202
17687
-1523
15126
15639
2881
21194
2274
29111
-593
24791
12431
6737
27646
29763
8578
3890
4470
-1520
21957
5527
27089
23647
753
-953
5122
-735
10768
8317
10642
1756
18860
25897
22668
464
-1958
5421
24542
24937
5817
17986
1688
5225
11105
26049
29208
14998
24112
4579
7018
17163
27744
2917
13027
18750
16723
13055
16328
10801
3498
18317
18947
14679
11673
15232
14817
19784
20906
23463
24881
22326
28323
28815
8166
-475
1007
22894
9564
16807
-750
22716
28596
19553
16874
6427
20632
14500
26556
21993
28705
381
12382
15150
9880
12410
-1331
20564
19460
26488
11192
27598
22388
1779
5651
21771
15466
2362
20363
24955
21797
4115
22213
-132
8845
18529
21637
29552
1980
28819
963
14442
14635
19825
6595
26405
1116
28913
19274
17656
12293
22072
6122
4092
15785
13116
11170
15211
15488
16120
1004
10429
2254
24285
13419
12664
17185
27849
3500
25123
24133
29730
13672
10469
17691
20991
13032
28527
29863
22810
-1273
20413
3687
8539
2941
26644
9517
13029
5290
26541
18674
20272
28834
22833
27307
4588
4272
20373
18565
21681
18940
3730
28016
16088
760
16352
22047
26464
-975
27544
21335
19922
22929
12647
1566
20083
26995
18691
-1233
9685
2498
9813
25704
29317
18660
2602
15116
29841
1880
25598
909
8605
16470
8361
23171
27960
12442
9269
4163
25281
15949
6173
19220
29093
20414
29106
2101
4704
20501
19970
19764
15826
14613
28429
5990
1696
27870
29528
22146
24825
16420
20138
13640
9848
28602
2324
24071
24316
16621
-1976
-1676
10174
26311
15219
10919
3897
13146
2394
817
10806
7821
25568
7189
7162
10809
13056
11469
28729
28482
4741
15720
18124
23740
16941
22048
4371
432
9253
7411
12596
3724
17787
5574
27479
9999
16498
3043
5205
3908
2644
3539
28042
11694
3397
17076
10328
25263
24242
18957
5221
21580
4236
24460
23529
19421
19358
27075
973
26787
24330
3206
15650
27026
15480
25941
18979
23240
18528
15613
14071
7810
18381
8082
11308
17019
25277
25392
21961
22727
11426
17745
14962
10400
4378
15673
22312
2627
18876
2173
17697
24321
5287
5103
24132
22875
23220
24822
16520
23941
1744
-414
18071
27848
24913
4002
5253
27072
15729
29927
27915
22916
14799
22052
-593
15662
19598
1622
6466
6453
6809
21794
6634
3531
15566
10872
21076
5036
22448
8106
20005
3133
4176
26478
10120
-379
17574
4533
26317
27321
15363
26401
21897
26791
20752
3325
29775
22416
14152
10081
135
25119
18322
3702
8
22068
20117
9390
1437
3138
23706
29254
21564
1554
17662
721
13258
4434
27370
6172
10524
5102
21674
3856
4120
21116
11432
14733
5574
9385
13619
29470
1295
2002
8829
20745
8460
16801
2819
27321
20663
28779
7712
1811
-187
4911
17563
18245
2533
22564
19553
25682
25543
23657
8951
13097
10896
15109
-1444
199
15272
17074
9980
25268
16295
28528
15188
19566
4132
10756
24996
3951
-909
5806
27334
287
16375
26911
14221
24073
27198
9030
7480
19791
5241
3358
10546
14369
19156
8838
-709
6695
12021
10968
22744
4091
23146
5614
19382
24701
2743
16434
5789
22972
6732
5481
7217
22526
13437
4522
20035
15158
14845
15540
7094
20886
12596
14063
20345
8446
11048
19686
23588
27716
23075
9708
12076
21696
15274
10119
7563
24076
16835
27855
2291
20845
6724
-1229
18325
20394
29042
21365
5574
21587
11060
5990
10028
1461
28204
25214
25228
2190
9538
7170
18993
2676
8222
29455
13793
21346
3734
18251
29289
26933
15611
11656
7117
22905
4492
17253
28213
12529
13628
23713
6813
-1961
21
17001
17409
22208
29561
7453
19419
20073
20025
24737
4945
5908
15420
11968
14330
13607
27972
11866
12763
28009
6966
4359
18598
