-1976
-1961
-1959
-1958
-1952
-1926
-1873
-1863
-1860
-1850
-1844
-1828
-1809
-1746
-1732
-1720
-1693
-1687
-1679
-1676
-1643
-1574
-1523
-1520
-1515
-1497
-1469
-1454
-1449
-1444
-1388
-1365
-1350
-1331
-1315
-1311
-1291
-1285
-1280
-1273
-1261
-1233
-1229
-1217
-1200
-1176
-1145
-1131
-1124
-1112
-1077
-1059
-1053
-1048
-1042
-1031
-1015
-1010
-1004
-983
-980
-975
-953
-924
-909
-898
-842
-819
-787
-785
-769
-768
-750
-735
-730
-709
-643
-623
-614
-593
-593
-582
-581
-580
-571
-556
-543
-491
-477
-475
-464
-462
-453
-451
-425
-414
-411
-379
-343
-320
-282
-268
-253
-221
-215
-199
-190
-187
-187
-171
-146
-132
-128
-120
-118
-107
-92
-43
-37
8
12
21
57
59
135
138
158
199
201
227
248
252
253
274
281
287
290
305
311
317
319
369
381
430
432
433
443
464
501
508
592
609
718
721
753
760
767
817
849
860
883
894
895
905
909
928
943
961
963
964
965
973
1004
1004
1007
1049
1071
1116
1143
1173
1276
1295
1303
1332
1335
1362
1397
1398
1416
1428
1436
1437
1451
1461
1549
1554
1566
1573
1622
1655
1656
1688
1696
1696
1703
1736
1744
1755
1756
1779
1804
1807
1811
1822
1860
1880
1899
1910
1917
1979
1980
1980
1986
2002
2020
2040
2057
2067
2101
2102
2173
2190
2254
2263
2274
2280
2291
2320
2321
2324
2332
2346
2353
2362
2370
2373
2394
2398
2401
2415
2472
2492
2494
2498
2498
2533
2534
2537
2572
2602
2602
2627
2644
2662
2674
2676
2687
2738
2743
2743
2744
2754
2768
2819
2853
2881
2892
2906
2916
2917
2939
2941
2960
2990
3018
3031
3038
3043
3070
3071
3115
3122
3133
3138
3155
3158
3190
3206
3212
3249
3300
3302
3304
3325
3358
3358
3369
3386
3397
3408
3475
3498
3499
3500
3506
3523
3531
3539
3549
3558
3576
3637
3647
3682
3683
3687
3691
3702
3708
3724
3730
3734
3761
3771
3772
3772
3801
3806
3831
3838
3838
3856
3863
3890
3897
3898
3908
3913
3922
3936
3951
3953
3972
3976
3983
3994
3996
4002
4064
4072
4091
4092
4115
4120
4132
4163
4176
4192
4202
4236
4272
4321
4329
4359
4359
4371
4378
4401
4426
4434
4438
4444
4449
4470
4481
4492
4522
4522
4533
4549
4561
4579
4584
4588
4613
4638
4664
4699
4699
4704
4741
4759
4762
4768
4773
4783
4809
4863
4887
4911
4917
4933
4945
5014
5025
5036
5063
5068
5073
5074
5102
5103
5122
5157
5190
5205
5221
5225
5241
5253
5254
5287
5290
5351
5382
5388
5421
5431
5457
5480
5481
5489
5502
5519
5527
5559
5566
5574
5574
5574
5586
5588
5600
5614
5625
5631
5637
5651
5655
5675
5717
5727
5736
5741
5742
5757
5789
5806
5806
5817
5862
5877
5881
5883
5889
5893
5894
5897
5900
5908
5913
5961
5964
5990
5990
6003
6051
6052
6100
6114
6122
6135
6136
6172
6173
6194
6217
6271
6331
6333
6340
6357
6393
6412
6413
6422
6422
6427
6448
6453
6466
6477
6517
6519
6551
6558
6595
6612
6619
6634
6695
6724
6732
6737
6796
6809
6813
6836
6845
6878
6908
6949
6954
6959
6965
6966
6995
6998
7018
7021
7074
7094
7105
7117
7137
7162
7163
7170
7179
7189
7209
7217
7221
7231
7262
7272
7320
7335
7405
7411
7411
7453
7470
7480
7530
7531
7540
7563
7627
7637
7648
7678
7704
7712
7756
7765
7793
7805
7810
7821
7835
7836
7851
7902
7912
7918
7932
7944
7951
7958
7963
8082
8085
8106
8122
8166
8173
8173
8188
8194
8210
8222
8232
8243
8269
8275
8317
8329
8339
8344
8350
8361
8371
8391
8419
8446
8447
8448
8460
8502
8506
8530
8539
8578
8593
8605
8649
8663
8684
8689
8691
8700
8734
8741
8822
8829
8838
8845
8874
8931
8940
8951
9030
9034
9038
9067
9088
9100
9117
9122
9126
9130
9130
9131
9171
9179
9241
9253
9269
9279
9283
9285
9290
9310
9319
9320
9328
9347
9357
9370
9381
9385
9390
9413
9443
9517
9519
9520
9525
9538
9561
9564
9624
9680
9685
9708
9777
9783
9788
9804
9813
9848
9880
9951
9980
9982
9999
10028
10078
10079
10081
10107
10113
10119
10120
10120
10154
10174
10183
10208
10235
10237
10245
10247
10247
10279
10328
10393
10400
10407
10407
10409
10421
10429
10461
10461
10461
10469
10504
10510
10524
10546
10550
10553
10638
10642
10735
10748
10751
10756
10766
10768
10794
10801
10806
10809
10851
10872
10888
10896
10914
10919
10968
10979
10997
11005
11021
11023
11024
11048
11060
11105
11128
11160
11170
11172
11180
11183
11191
11192
11258
11274
11291
11297
11308
11378
11381
11426
11432
11456
11469
11513
11524
11529
11533
11559
11568
11603
11611
11646
11656
11673
11677
11694
11703
11719
11735
11820
11848
11853
11866
11876
11883
11889
11918
11920
11936
11968
11991
12021
12050
12050
12076
12096
12105
12120
12166
12183
12193
12200
12201
12239
12259
12286
12288
12293
12326
12326
12343
12349
12356
12377
12379
12382
12410
12425
12431
12439
12442
12461
12502
12524
12529
12529
12567
12578
12595
12596
12596
12598
12647
12651
12664
12703
12721
12748
12763
12795
12821
12920
12932
12950
12991
13006
13012
13027
13029
13032
13055
13056
13088
13097
13098
13111
13115
13116
13146
13150
13174
13201
13204
13207
13207
13248
13258
13266
13269
13299
13320
13325
13364
13374
13406
13419
13437
13444
13503
13532
13568
13607
13617
13619
13628
13640
13672
13690
13693
13696
13704
13721
13737
13744
13793
13856
13875
13891
13896
13911
13934
13969
14019
14028
14034
14053
14063
14071
14074
14076
14091
14112
14122
14152
14162
14181
14186
14201
14219
14221
14229
14250
14251
14255
14269
14313
14330
14356
14369
14396
14413
14418
14431
14442
14445
14445
14446
14460
14461
14500
14547
14588
14613
14635
14670
14679
14684
14733
14747
14776
14790
14799
14804
14807
14810
14817
14844
14845
14899
14900
14922
14932
14962
14998
15005
15015
15035
15099
15109
15114
15116
15126
15150
15158
15188
15189
15195
15211
15219
15228
15232
15256
15272
15274
15281
15320
15333
15363
15369
15406
15420
15420
15431
15466
15480
15480
15480
15488
15529
15540
15554
15566
15602
15611
15613
15639
15650
15656
15662
15673
15674
15690
15720
15724
15729
15735
15737
15762
15785
15786
15819
15821
15826
15832
15944
15949
15950
15958
15958
15984
16028
16047
16072
16088
16120
16161
16185
16190
16229
16246
16250
16251
16256
16277
16295
16306
16316
16320
16328
16352
16375
16420
16434
16470
16498
16520
16581
16607
16621
16656
16723
16749
16750
16788
16801
16807
16835
16863
16874
16876
16910
16913
16921
16924
16934
16941
16994
17001
17011
17013
17019
17025
17034
17055
17074
17076
17091
17099
17155
17163
17167
17176
17185
17193
17202
17239
17239
17253
17273
17286
17294
17295
17305
17315
17329
17368
17376
17396
17407
17409
17448
17507
17514
17528
17541
17552
17563
17574
17595
17608
17615
17618
17623
17656
17662
17685
17687
17691
17695
17697
17697
17735
17745
17759
17761
17763
17787
17792
17793
17809
17865
17870
17872
17873
17875
17890
17914
17925
17932
17972
17981
17986
18055
18058
18071
18086
18093
18101
18124
18198
18203
18215
18219
18223
18245
18250
18251
18253
18292
18311
18317
18322
18325
18381
18401
18446
18456
18480
18484
18528
18529
18543
18545
18565
18568
18588
18594
18597
18598
18640
18660
18673
18674
18691
18711
18712
18717
18750
18752
18758
18792
18803
18809
18829
18860
18876
18895
18900
18925
18940
18947
18954
18957
18979
18983
18993
19003
19034
19048
19111
19116
19141
19147
19156
19158
19220
19227
19241
19246
19274
19302
19315
19324
19324
19348
19358
19377
19381
19382
19395
19399
19415
19419
19421
19431
19460
19497
19515
19522
19527
19542
19553
19553
19566
19574
19590
19595
19598
19610
19634
19652
19656
19663
19686
19694
19716
19739
19741
19764
19779
19784
19785
19791
19823
19825
19855
19856
19860
19889
19922
19953
19962
19970
19982
19983
20005
20006
20014
20025
20035
20066
20073
20083
20103
20116
20117
20138
20150
20150
20230
20234
20264
20272
20324
20345
20355
20358
20363
20373
20385
20394
20413
20414
20456
20501
20509
20519
20553
20564
20590
20631
20632
20663
20663
20667
20683
20716
20737
20745
20752
20775
20824
20825
20845
20850
20852
20870
20886
20899
20906
20925
20933
20936
20939
20945
20947
20955
20991
21042
21076
21100
21116
21194
21266
21323
21335
21346
21365
21367
21368
21388
21390
21440
21441
21445
21449
21465
21481
21508
21551
21562
21564
21578
21580
21587
21589
21598
21637
21659
21673
21674
21681
21696
21738
21745
21754
21767
21771
21792
21794
21797
21810
21817
21829
21856
21875
21897
21926
21957
21961
21967
21987
21993
22047
22048
22052
22068
22072
22088
22103
22117
22118
22146
22161
22194
22208
22213
22214
22226
22229
22249
22253
22304
22312
22326
22353
22387
22388
22402
22416
22424
22438
22448
22460
22509
22526
22550
22564
22611
22633
22648
22658
22668
22714
22716
22727
22744
22745
22762
22810
22833
22864
22869
22875
22894
22905
22906
22916
22918
22918
22929
22938
22972
23013
23023
23029
23040
23049
23069
23075
23113
23114
23142
23146
23157
23160
23171
23174
23181
23198
23199
23201
23209
23220
23240
23243
23283
23304
23324
23331
23372
23401
23427
23434
23463
23472
23481
23517
23520
23521
23529
23539
23575
23588
23590
23598
23602
23610
23618
23619
23639
23647
23654
23657
23667
23689
23698
23704
23706
23713
23731
23740
23759
23768
23771
23820
23859
23872
23883
23910
23941
23971
23989
24049
24053
24071
24073
24076
24090
24112
24132
24133
24239
24240
24242
24243
24251
24285
24286
24316
24321
24324
24330
24360
24361
24376
24390
24444
24449
24460
24487
24502
24514
24542
24558
24559
24566
24577
24581
24581
24590
24597
24600
24601
24601
24603
24640
24647
24661
24693
24701
24737
24782
24783
24791
24812
24814
24822
24825
24839
24881
24891
24898
24913
24937
24955
24957
24983
24993
24996
25000
25003
25010
25012
25042
25068
25069
25073
25090
25091
25111
25119
25123
25177
25205
25214
25228
25258
25263
25268
25269
25269
25277
25281
25288
25308
25392
25438
25439
25457
25468
25513
25526
25539
25543
25568
25598
25646
25656
25674
25682
25682
25690
25704
25723
25746
25790
25818
25824
25825
25830
25840
25867
25873
25897
25915
25930
25941
25994
26031
26049
26070
26119
26153
26158
26170
26213
26311
26317
26319
26361
26367
26368
26401
26403
26405
26425
26426
26431
26442
26455
26464
26478
26488
26504
26505
26506
26532
26541
26541
26551
26551
26556
26561
26576
26584
26644
26647
26659
26675
26677
26685
26686
26709
26719
26727
26748
26778
26787
26789
26791
26803
26826
26827
26855
26889
26896
26897
26901
26911
26928
26933
26944
26944
26990
26995
27005
27007
27026
27048
27067
27072
27075
27089
27142
27151
27168
27198
27214
27230
27247
27273
27277
27307
27308
27321
27321
27327
27334
27337
27339
27370
27383
27479
27495
27512
27538
27542
27544
27598
27610
27613
27646
27667
27683
27699
27704
27713
27716
27717
27718
27744
27755
27848
27849
27855
27870
27888
27915
27960
27972
27975
27994
27997
28001
28009
28009
28016
28032
28042
28101
28115
28139
28142
28204
28210
28213
28230
28247
28292
28323
28340
28347
28348
28349
28368
28429
28431
28445
28453
28458
28482
28489
28507
28514
28516
28527
28528
28540
28572
28596
28602
28639
28654
28656
28662
28683
28683
28685
28705
28729
28779
28797
28815
28819
28832
28834
28873
28906
28913
28942
28943
29042
29044
29093
29106
29111
29119
29128
29170
29179
29201
29202
29208
29230
29254
29255
29258
29275
29289
29317
29376
29401
29423
29433
29455
29455
29470
29476
29482
29494
29528
29552
29553
29561
29571
29574
29651
29680
29693
29730
29758
29763
29775
29841
29848
29853
29863
29882
29901
29905
29927
29986
