-1976
-1961
-1958
-1926
-1873
-1863
-1850
-1746
-1720
-1676
-1643
-1523
-1520
-1444
-1388
-1331
-1315
-1285
-1280
-1273
-1233
-1229
-1217
-1200
-1176
-1145
-1124
-1004
-983
-975
-953
-909
-842
-819
-787
-750
-735
-709
-593
-593
-581
-580
-571
-556
-491
-475
-464
-462
-453
-425
-414
-379
-282
-268
-187
-187
-146
-132
-107
-92
8
12
21
135
158
199
201
227
248
252
274
281
287
290
305
317
319
381
430
432
443
464
501
508
609
718
721
753
760
817
894
895
909
963
964
965
973
1004
1007
1049
1071
1116
1143
1295
1303
1398
1436
1437
1461
1554
1566
1622
1688
1696
1703
1736
1744
1756
1779
1804
1807
1811
1822
1880
1899
1910
1917
1980
1986
2002
2040
2101
2102
2173
2190
2254
2274
2280
2291
2324
2332
2353
2362
2394
2492
2498
2498
2533
2534
2537
2572
2602
2627
2644
2674
2676
2738
2743
2743
2744
2819
2853
2881
2917
2939
2941
2960
2990
3038
3043
3115
3133
3138
3155
3206
3212
3302
3304
3325
3358
3397
3475
3498
3499
3500
3523
3531
3539
3558
3637
3647
3683
3687
3702
3724
3730
3734
3771
3772
3772
3801
3838
3838
3856
3863
3890
3897
3898
3908
3922
3951
3972
3976
3994
3996
4002
4091
4092
4115
4120
4132
4163
4176
4192
4202
4236
4272
4321
4329
4359
4371
4378
4434
4438
4444
4470
4481
4492
4522
4522
4533
4561
4579
4584
4588
4699
4704
4741
4759
4768
4783
4911
4917
4945
5036
5063
5102
5103
5122
5157
5205
5221
5225
5241
5253
5287
5290
5382
5388
5421
5431
5481
5489
5502
5519
5527
5574
5574
5574
5614
5651
5675
5717
5727
5741
5742
5757
5789
5806
5817
5862
5883
5897
5908
5961
5990
5990
6003
6052
6100
6114
6122
6136
6172
6173
6194
6271
6331
6333
6357
6393
6412
6422
6422
6427
6448
6453
6466
6517
6519
6551
6558
6595
6619
6634
6695
6724
6732
6737
6809
6813
6836
6908
6959
6966
7018
7074
7094
7117
7137
7162
7163
7170
7189
7217
7262
7335
7411
7453
7480
7530
7540
7563
7637
7712
7765
7793
7810
7821
7835
7902
7918
7958
7963
8082
8085
8106
8166
8173
8173
8210
8222
8232
8275
8317
8329
8350
8361
8446
8460
8530
8539
8578
8593
8605
8649
8684
8691
8829
8838
8845
8874
8931
8951
9030
9067
9241
9253
9269
9290
9319
9320
9370
9381
9385
9390
9517
9520
9525
9538
9564
9685
9708
9813
9848
9880
9980
9982
9999
10028
10078
10081
10119
10120
10120
10154
10174
10245
10247
10279
10328
10400
10429
10461
10461
10461
10469
10510
10524
10546
10638
10642
10756
10766
10768
10794
10801
10806
10809
10872
10896
10919
10968
11021
11024
11048
11060
11105
11160
11170
11180
11183
11191
11192
11258
11274
11308
11378
11426
11432
11456
11469
11513
11559
11568
11603
11611
11646
11656
11673
11677
11694
11848
11866
11883
11968
11991
12021
12076
12105
12120
12193
12200
12201
12239
12288
12293
12326
12356
12377
12382
12410
12425
12431
12439
12442
12461
12529
12529
12567
12578
12596
12596
12647
12664
12721
12748
12763
12821
12920
12932
12991
13012
13027
13029
13032
13055
13056
13097
13115
13116
13146
13150
13258
13266
13299
13325
13406
13419
13437
13444
13503
13568
13607
13617
13619
13628
13640
13672
13690
13693
13704
13737
13793
13856
13911
14028
14053
14063
14071
14074
14122
14152
14162
14181
14201
14221
14229
14269
14330
14369
14431
14442
14445
14500
14547
14588
14613
14635
14670
14679
14733
14747
14799
14817
14844
14845
14900
14922
14962
14998
15005
15035
15099
15109
15116
15126
15150
15158
15188
15189
15195
15211
15219
15228
15232
15272
15274
15320
15363
15406
15420
15431
15466
15480
15488
15540
15554
15566
15611
15613
15639
15650
15656
15662
15673
15674
15690
15720
15729
15735
15737
15785
15821
15826
15944
15949
15958
15984
16028
16072
16088
16120
16161
16185
16190
16250
16256
16295
16320
16328
16352
16375
16420
16434
16470
16498
16520
16621
16656
16723
16750
16788
16801
16807
16835
16874
16910
16913
16934
16941
17001
17013
17019
17025
17074
17076
17163
17167
17185
17202
17253
17294
17295
17315
17396
17407
17409
17448
17507
17528
17552
17563
17574
17595
17618
17656
17662
17687
17691
17697
17745
17787
17873
17914
17972
17986
18071
18086
18093
18124
18198
18219
18245
18251
18317
18322
18325
18381
18401
18456
18480
18484
18528
18529
18543
18565
18597
18598
18660
18674
18691
18712
18750
18792
18803
18829
18860
18876
18900
18940
18947
18954
18957
18979
18983
18993
19003
19034
19111
19141
19147
19156
19158
19220
19246
19274
19302
19315
19324
19358
19377
19382
19399
19415
19419
19421
19460
19497
19527
19553
19553
19566
19590
19595
19598
19610
19686
19741
19764
19779
19784
19791
19825
19855
19922
19962
19970
19982
20005
20006
20014
20025
20035
20066
20073
20083
20116
20117
20138
20230
20234
20272
20345
20358
20363
20373
20385
20394
20413
20414
20456
20501
20519
20564
20632
20663
20663
20667
20716
20737
20745
20752
20845
20886
20906
20925
20936
20955
20991
21042
21076
21116
21194
21335
21346
21365
21367
21388
21390
21551
21562
21564
21578
21580
21587
21637
21659
21674
21681
21696
21738
21754
21767
21771
21792
21794
21797
21817
21829
21856
21875
21897
21926
21957
21961
21967
21987
21993
22047
22048
22052
22068
22072
22088
22103
22117
22146
22161
22194
22208
22213
22226
22229
22249
22312
22326
22353
22387
22388
22416
22424
22448
22526
22564
22633
22648
22658
22668
22716
22727
22744
22762
22810
22833
22864
22869
22875
22894
22905
22906
22916
22929
22972
23029
23040
23049
23075
23113
23114
23142
23146
23171
23198
23199
23201
23209
23220
23240
23283
23324
23331
23372
23401
23427
23463
23472
23481
23529
23539
23588
23602
23610
23618
23647
23654
23657
23667
23698
23704
23706
23713
23740
23768
23820
23859
23941
23971
24053
24071
24073
24076
24112
24132
24133
24240
24242
24251
24285
24316
24321
24324
24330
24376
24444
24449
24460
24487
24542
24559
24577
24581
24581
24597
24601
24603
24647
24661
24701
24737
24783
24791
24822
24825
24839
24881
24891
24913
24937
24955
24983
24996
25000
25003
25010
25012
25069
25073
25091
25111
25119
25123
25205
25214
25228
25263
25268
25269
25277
25281
25308
25392
25438
25457
25468
25543
25568
25598
25682
25682
25690
25704
25790
25825
25830
25867
25897
25930
25941
25994
26049
26119
26158
26170
26213
26311
26317
26319
26367
26401
26405
26425
26455
26464
26478
26488
26506
26532
26541
26551
26556
26644
26677
26685
26719
26787
26791
26827
26897
26901
26911
26928
26933
26944
26944
26990
26995
27005
27026
27072
27075
27089
27142
27151
27168
27198
27247
27277
27307
27308
27321
27321
27334
27370
27383
27479
27512
27544
27598
27613
27646
27667
27683
27704
27716
27718
27744
27755
27848
27849
27855
27870
27888
27915
27960
27972
28009
28016
28032
28042
28101
28115
28142
28204
28213
28247
28292
28323
28340
28347
28348
28368
28429
28431
28453
28458
28482
28489
28514
28527
28528
28572
28596
28602
28639
28654
28656
28705
28729
28779
28815
28819
28834
28873
28906
28913
28942
29042
29044
29093
29106
29111
29128
29170
29201
29208
29230
29254
29255
29289
29317
29401
29423
29455
29470
29476
29482
29528
29552
29553
29561
29574
29651
29680
29730
29758
29763
29775
29841
29863
29901
29927
